Case #1:
R: 6666.666666667093523
G: 0.000000000465661
B: 6666.666666667209938
Y: 6666.666666666278616
M: -0.000000000465661
C: 6666.666666666278616
W: 728333.333333333721384
L: 244999.999999999417923
Start time: 6644918694 μs
End time: 6646520706 μs
Execution time: 1602011 microseconds