Case #1:
R: 6666.666666666627862
G: 0.000000000000000
B: 6666.666666666744277
Y: 6666.666666666744277
M: 0.000000000000000
C: 6666.666666666744277
W: 728333.333333333255723
L: 244999.999999999883585
Start time: 6712517983 μs
End time: 6714159564 μs
Execution time: 1641581 microseconds