Case #1:
R: 11566.666666667209938
G: 0.000000000465661
B: 13534.559643255895935
Y: 31166.666666666162200
M: -0.000000000698492
C: 59320.512820512289181
W: 601233.333333333954215
L: 283178.260869564721361
400 500 500 550 600 500
Case #2:
R: 8571.428571427590214
G: 32611.594202897395007
B: 8571.428571427823044
Y: 34161.904761905781925
M: 5868.444055944681168
C: 64283.643892340362072
W: 595364.889277388574556
L: 250566.666666667792015
Start time: 8647975028 μs
End time: 8649936515 μs
Execution time: 1961487 microseconds