Case #1:
R: 11566.666666666511446
G: -0.000000000232831
B: 13534.559643255197443
Y: 31166.666666666860692
M: 0.000000000000000
C: 59320.512820512987673
W: 601233.333333333255723
L: 283178.260869565419853
400 500 500 550 600 500
Case #2:
R: 8571.428571428288706
G: 32611.594202898093499
B: 8571.428571428521536
Y: 34161.904761905083433
M: 5868.444055943982676
C: 64283.643892339663580
W: 595364.889277389273047
L: 250566.666666667093523
Start time: 8676320223 μs
End time: 8678075692 μs
Execution time: 1755468 microseconds