Case #1:
R: 0.000260692613665
G: 0.000007792026736
B: 0.000007792637916
Y: 0.000245362549322
M: -0.000007792725228
C: -0.000007792317774
W: 181929.496736529079499
L: 18070.502757416135864
Start time: 18343430798 μs
End time: 18344481324 μs
Execution time: 1050526 microseconds