Case #1:
R: 0.000252900266787
G: -0.000000000320142
B: 0.000000000291038
Y: 0.000253154896200
M: -0.000000000378350
C: 0.000000000029104
W: 181929.496728736732621
L: 18070.502765208482742
Start time: 18381369545 μs
End time: 18383011575 μs
Execution time: 1642030 microseconds